   0 0       196649.      59253.0      196649.  3.59468e+06      227.833      83
   1 0       334374.      53772.2      334374.  3.10368e+06      351.727      83
   0 0       175134.      52926.4      175134.  3.21040e+06      219.105     178
   1 0       255477.      46530.7      255477.  2.71957e+06      270.243     178
   1 0       342993.      53536.1      342993.  3.07951e+06      351.655     183
   1 0       245747.      58678.1      245747.  3.50714e+06      263.198      81
   1 0       304228.      79809.4      304228.  4.80120e+06      326.529     129
   1 0       235491.      80607.3      235491.  4.92150e+06      285.984     154
   1 0       365967.      81488.0      365967.  4.84669e+06      400.136      60
   1 0       385280.      82747.5      385280.  4.90730e+06      403.095      70
   1 0       407449.      94523.3      407449.  5.63924e+06      447.782     110
   1 0       213098.      47917.8      213098.  2.85183e+06      224.097      47
   1 0       250665.      66132.4      250665.  3.97983e+06      264.370     108
   1 0       226821.      47671.6      226821.  2.82211e+06      239.961      42
   1 0       246106.      99730.4      246106.  6.13563e+06      367.552     210
   1 0       195350.      52059.0      195350.  3.13513e+06      202.187      48
   1 0       316302.      73307.0      316302.  4.37299e+06      347.906     112
   1 0       302199.      69334.4      302199.  4.13254e+06      335.971     113
   1 0       192200.      57369.0      192200.  3.47818e+06      213.152     121
   1 0       287150.      58749.6      287150.  3.47006e+06      308.054     192
   1 0       315453.      53096.2      315453.  3.07922e+06      293.876     197
   0 0       64828.4      29151.3      64828.4  1.80052e+06      52.1767     197
   1 0       363995.      65236.6      363995.  3.80813e+06      416.777      34
   1 0       305835.      59419.1      305835.  3.49363e+06      346.051     181
   0 0       128761.      32165.6      128761.  1.92837e+06      127.509     181
   1 0       272814.      49994.8      272814.  2.92387e+06      309.458       7
   0 0       185913.      38147.2      185913.  2.25364e+06      218.629       7
   0 0       138659.      37349.9      138659.  2.25001e+06      145.354     179
   1 0       345925.      67252.1      345925.  3.95446e+06      386.430     179
   1 0       323972.      68561.7      323972.  4.06018e+06      357.991     175
   0 0       200684.      46071.1      200684.  2.74566e+06      203.166     175
   1 0       307826.      59247.8      307826.  3.48073e+06      346.432     172
   0 0       142240.      33826.4      142240.  2.02093e+06      139.800     172
   0 0       186406.      54971.1      186406.  3.33046e+06      198.449      83
   0 0       191952.      41403.1      191952.  2.45596e+06      216.842      83
   0 0       119301.      35041.7      119301.  2.12224e+06      124.791     178
   0 0       190607.      51866.6      190607.  3.12683e+06      232.788     178
   0 0       143548.      34845.7      143548.  2.08491e+06      144.898     183
   0 0       174171.      50766.7      174171.  3.07377e+06      184.008      81
   0 0       218804.      43025.3      218804.  2.53205e+06      214.682      81
   0 0       205927.      40672.6      205927.  2.39498e+06      226.543      81
   0 0       183463.      72468.9      183463.  4.45420e+06      204.785     129
   0 0       175215.      71015.0      175215.  4.36878e+06      202.434     154
   0 0       259181.      70476.6      259181.  4.24941e+06      279.155      60
   0 0       277110.      71767.3      277110.  4.31404e+06      284.999      70
   0 0       250465.      76252.8      250465.  4.62815e+06      260.559     110
   0 0       132944.      40193.7      132944.  2.43853e+06      143.816      47
   0 0       147447.      53675.2      147447.  3.28679e+06      159.134     108
   0 0       149357.      42469.2      149357.  2.56772e+06      165.426      42
   0 0       181880.      92355.5      181880.  5.72826e+06      300.336     210
   0 0       151426.      48447.9      151426.  2.94826e+06      164.472      48
   0 0       235888.      61834.6      235888.  3.71970e+06      249.066     112
   0 0       190565.      58215.6      190565.  3.53412e+06      200.216     113
   0 0       172844.      54757.8      172844.  3.33030e+06      169.029     121
   0 0       197383.      49792.4      197383.  2.98782e+06      207.388     192
   0 0       98040.8      33373.0      98040.8  2.03718e+06      79.3872     197
   0 0       80173.8      29045.2      80173.8  1.77815e+06      69.5698     197
   0 0       334788.      56435.2      334788.  3.27393e+06      350.184      34
   0 0       189051.      50424.8      189051.  3.03614e+06      219.773     181
   0 0       137810.      31810.6      137810.  1.89632e+06      132.525     181
   0 0       189926.      40853.1      189926.  2.42300e+06      218.727       7
   0 0       203941.      40232.8      203941.  2.36906e+06      240.889       7
   0 0       258893.      59941.3      258893.  3.57458e+06      300.696     179
   0 0       129107.      35912.7      129107.  2.16770e+06      127.946     179
   0 0       312705.      69111.1      312705.  4.10749e+06      352.821     175
   0 0       216620.      46128.8      216620.  2.73311e+06      215.242     175
   0 0       180583.      45157.0      180583.  2.70760e+06      200.656     172
   0 0       133496.      34098.0      133496.  2.04732e+06      137.865     172
