0 0      196649.     0.254360    -0.339398     0.295044    -0.177821 83
1 0      334374.   -0.0786145      1.42209    -0.195031      1.20722 83
0 0      175134.    -0.129999    -0.614573   -0.0885119    -0.275394 178
1 0      255477.    -0.518556     0.413007    -0.578417     0.296289 178
1 0      342993.   -0.0929581      1.53233    -0.219155      1.20641 183
1 0      245747.     0.219433     0.288561     0.207669     0.217532 81
1 0      304228.      1.50322      1.03653      1.49929     0.925523 129
1 0      235491.      1.55169     0.157388      1.61936     0.472261 154
1 0      365967.      1.60520      1.82617      1.54469      1.74839 60
1 0      385280.      1.68172      2.07318      1.60519      1.78147 70
1 0      407449.      2.39713      2.35672      2.33575      2.28104 110
1 0      213098.    -0.434286    -0.129017    -0.446406    -0.219587 47
1 0      250665.     0.672303     0.351462     0.679468     0.230634 108
1 0      226821.    -0.449243    0.0464994    -0.476070   -0.0422399 42
1 0      246106.      2.71348     0.293153      2.83120      1.38413 210
1 0      195350.    -0.182696    -0.356012    -0.163640    -0.464524 48
1 0      316302.      1.10818      1.19095      1.07189      1.16450 112
1 0      302199.     0.866834      1.01058     0.831890      1.03108 113
1 0      192200.     0.139902    -0.396301     0.178763    -0.341944 121
1 0      287150.     0.223777     0.818103     0.170659     0.718987 192
1 0      315453.    -0.119683      1.18010    -0.219445     0.560488 197
0 0      64828.4     -1.57440     -2.02537     -1.49573     -2.14152 197
1 0      363995.     0.617881      1.80094     0.508092      1.93442 34
1 0      305835.     0.264451      1.05708     0.194184      1.14376 181
0 0      128761.     -1.39128     -1.20768     -1.36813     -1.29937 181
1 0      272814.    -0.308102     0.634746    -0.374502     0.734682 7
0 0      185913.     -1.02788    -0.476711     -1.04347    -0.280715 7
0 0      138659.     -1.07632     -1.08109     -1.04709     -1.09987 179
1 0      345925.     0.740328      1.56983     0.654146      1.59517 179
1 0      323972.     0.819890      1.28905     0.759667      1.27724 175
0 0      200684.    -0.546478    -0.287791    -0.552376    -0.453579 175
1 0      307826.     0.254044      1.08255     0.181309      1.14802 172
0 0      142240.     -1.29038     -1.03528     -1.27574     -1.16196 172
0 0      186406.  -0.00577769    -0.470405    0.0313219    -0.506312 83
0 0      191952.    -0.830073    -0.399472    -0.841530    -0.300692 83
0 0      119301.     -1.21655     -1.32867     -1.17462     -1.32975 178
0 0      190607.    -0.194385    -0.416675    -0.171924    -0.122428 178
0 0      143548.     -1.22845     -1.01856     -1.21188     -1.10497 183
0 0      174171.    -0.261207    -0.626890    -0.224884    -0.667751 81
0 0      218804.    -0.731519   -0.0560374    -0.765583    -0.324839 81
0 0      205927.    -0.874453    -0.220733    -0.902395    -0.192243 81
0 0      183463.      1.05726    -0.508046      1.15294    -0.435480 129
0 0      175215.     0.968935    -0.613537      1.06768    -0.461762 154
0 0      259181.     0.936226     0.460381     0.948540     0.395918 60
0 0      277110.      1.01464     0.689692      1.01305     0.461250 70
0 0      250465.      1.28715     0.348904      1.32657     0.188030 110
0 0      132944.    -0.903547     -1.15418    -0.858927     -1.11707 47
0 0      147447.   -0.0845075    -0.968688   -0.0122658    -0.945823 108
0 0      149357.    -0.765304    -0.944259    -0.729981    -0.875483 42
0 0      181880.      2.26543    -0.528292      2.42460     0.632705 210
0 0      151426.    -0.402081    -0.917797    -0.350158    -0.886148 48
0 0      235888.     0.411200     0.162466     0.419828    0.0595469 112
0 0      190565.     0.191335    -0.417212     0.234598    -0.486558 113
0 0      172844.   -0.0187363    -0.643862    0.0311622    -0.835204 121
0 0      197383.    -0.320399    -0.330010    -0.310672    -0.406381 192
0 0      98040.8     -1.31792     -1.60059     -1.25952     -1.83733 197
0 0      80173.8     -1.58085     -1.82911     -1.51806     -1.94708 197
0 0      334788.    0.0831704      1.42739   -0.0251016      1.18997 34
0 0      189051.    -0.281979    -0.436576    -0.262443    -0.267926 181
0 0      137810.     -1.41284     -1.09194     -1.40012     -1.24329 181
0 0      189926.    -0.863487    -0.425385    -0.874428    -0.279619 7
0 0      203941.    -0.901172    -0.246134    -0.928266   -0.0318654 7
0 0      258893.     0.296176     0.456698     0.274982     0.636730 179
0 0      129107.     -1.16363     -1.20326     -1.12925     -1.29448 179
0 0      312705.     0.853268      1.14495     0.806887      1.21945 175
0 0      216620.    -0.542973   -0.0839706    -0.564902    -0.318579 175
0 0      180583.    -0.602013    -0.544881    -0.590364    -0.481639 172
0 0      133496.     -1.27388     -1.14712     -1.24940     -1.18359 172
